9.652434877402245
9.652434877402245
6.870636427700047
0.0
8.116697886877475
9.652434877402245
8.116697886877475
0.0
9.652434877402245
9.652434877402245
8.116697886877475
8.116697886877475
8.116697886877475
0.0
8.116697886877475
0.0
9.652434877402245
0.0
8.116697886877475
17.965205598154213
17.965205598154213
9.652434877402245
0.0
8.116697886877475
0.0
8.116697886877475
8.116697886877475
8.116697886877475
8.116697886877475
8.116697886877475
9.652434877402245
8.116697886877475
8.116697886877475
8.116697886877475
9.652434877402245
8.116697886877475
6.870636427700047
6.870636427700047
6.870636427700047
6.870636427700047
6.870636427700047
6.870636427700047
6.870636427700047
9.652434877402245
8.116697886877475
8.116697886877475
9.652434877402245
9.652434877402245
8.116697886877475
10.682175159905853
8.116697886877475
8.116697886877475
8.116697886877475
8.116697886877475
8.116697886877475
8.116697886877475
0.0
8.116697886877475
10.682175159905853
9.652434877402245
0.0
9.652434877402245
9.652434877402245
9.652434877402245
6.870636427700047
6.870636427700047
0.0
8.116697886877475
9.652434877402245
8.116697886877475
8.116697886877475
10.682175159905853
9.652434877402245
9.652434877402245
8.116697886877475
8.116697886877475
8.116697886877475
8.116697886877475
8.116697886877475
0.0
0.0
0.0
